0.6283185307179586
0.6283005326687566
0.6282465506093822
0.6281566040028602
0.6280307140851404
0.627868903863567
0.6276711981154003
0.6274376233863902
0.6271682079894002
0.626862982003082
0.6265219772706005
0.6261452273984074
0.6257327677550633
0.6252846354701077
0.6248008694329757
0.6242815102919601
0.6237266004532181
0.6231361840798227
0.6225103070908551
0.6218490171605391
0.6211523637174157
0.6204203979435556
0.6196531727738094
0.618850742895093
0.6180131647457076
0.6171404965146917
0.6162327981412049
0.6152901313139395
0.6143125594705603
0.6133001477971698
0.6122529632277968
0.6111710744439066
0.6100545518739312
0.6089034676928162
0.6077178958215842
0.6064979119269103
0.6052435934207092
0.6039550194597313
0.6026322709451644
0.6012754305222395
0.5998845825798391
0.5984598132501031
0.5970012104080324
0.5955088636710859
0.5939828643987688
0.59242330569221
0.5908302823937253
0.5892038910863631
0.5875442300934319
0.5858513994780048
0.584125501042398
0.5823666383276227
0.5805749166128047
0.5787504429145707
0.5768933259863972
0.57500367631792
0.5730816061341998
0.5711272293949421
0.5691406617936683
0.5671220207568337
0.5650714254428902
0.5629889967412908
0.5608748572714313
0.558729131381528
0.5565519451474265
0.5543434263713387
0.5521037045805057
0.5498329110257822
0.5475311786801397
0.5451986422370846
0.5428354381089896
0.5404417044253325
0.5380175810308415
0.5355632094835422
0.5330787330527036
0.5305642967166799
0.5280200471606445
0.5254461327742127
0.5228427036489506
0.5202099115757662
0.5175479100421804
0.5148568542294725
0.5121369010096999
0.5093882089425866
0.5066109382722782
0.5038052509239599
0.5009713105003346
0.49810928227795803
0.4952193332034273
0.4923016318894205
0.4893563486105834
0.48638365529926153
0.48338372554107306
0.4803567345703212
0.47730285926524174
0.4742222781430839
0.47111517135502096
0.4679817206808887
0.464822109523748
0.46163652290426926
0.4584251474549367
0.45518817141406837
0.4519257846196514
0.44863817850298776
0.44532554608215025
0.4419880819552446
0.43862598229347644
0.43523944483402066
0.43182866887269067
0.42839385525640583
0.42493520637545473
0.4214529261555525
0.41794722004969026
0.41441829502977456
0.41086635957805573
0.40729162367834243
0.4036942988070019
0.4000745979237437
0.39643273546218544
0.3927689273201995
0.3890833908500395
0.3853763448482445
0.3816480095453212
0.3778986065952016
0.37412835906447656
0.37033749142140326
0.3665262295246866
0.3626948006120334
0.3588434332884792
0.35497235751448664
0.35108180459381594
0.34717200716116603
0.3432431991695871
0.33929561587766405
0.3353294938364708
0.331345070876296
0.3273425860931395
0.32332227983498085
0.31928439368781975
0.31522917046148885
0.3111568541752397
0.3070676900431027
0.3029619244590215
0.2988398049817632
0.294701580319605
0.29054750031479876
0.2863778159278142
0.2821927792213628
0.27799264334420337
0.2737776625147307
0.2695480920043494
0.26530418812063455
0.26104620819028046
0.25677441054184036
0.25248905448825876
0.24819040030919814
0.24387870923316307
0.23955424341942344
0.23521726593973974
0.23086804075989267
0.22650683272101987
0.22213390752076248
0.21774953169422434
0.213353972594747
0.20894749837450333
0.20453037796491294
0.20010288105688284
0.19566527808087628
0.19121784018681356
0.18676083922380818
0.18229454771974166
0.17781923886068124
0.1733351864701436
0.168842664988209
0.16434194945048922
0.15983331546695378
0.15531703920061823
0.15079339734609853
0.14626266710803615
0.1417251261793978
0.13718105271965428
0.1326307253328428
0.1280744230455175
0.12351242528459215
0.1189450118550804
0.11437246291773753
0.1097950589666088
0.10521308080648906
0.10062680953029843
0.09603652649637891
0.09144251330571677
0.08684505177909582
0.08224442393418628
0.07764091196257455
0.07303479820673875
0.0684263651369751
0.06381589532828047
0.05920367143719589
0.05458997617861652
0.04997509230257304
0.04535930257098971
0.04074288973442437
0.036126136508795564
0.03150932555210195
0.026892739441139384
0.02227666064822078
0.01766137151790407
0.013047154243733473
0.008434290844999314
0.0038230631435216267
-0.0007862472595372661
-0.0053933590068259585
-0.009997991007917791
-0.014599862462380132
-0.019198692882793956
-0.023794202117718617
-0.02838611037459669
-0.032974138242593855
-0.03755800671536877
-0.04213743721376794
-0.04671215160844062
-0.051281872242368826
-0.05584632195330765
-0.06040522409613092
-0.06495830256507752
-0.06950528181589365
-0.07404588688786624
-0.07857984342574309
-0.08310687770153485
-0.08762671663619476
-0.09213908782117129
-0.09664371953982964
-0.10114034078873751
-0.1056286812988111
-0.11010847155631705
-0.11457944282372624
-0.11904132716041556
-0.12349385744321333
-0.127936767386785
-0.13236979156385492
-0.13679266542526064
-0.14120512531983614
-0.14560690851412034
-0.14999775321188757
-0.15437739857349642
-0.15874558473505387
-0.16310205282739157
-0.16744654499485073
-0.17177880441387328
-0.17609857531139575
-0.1804056029830435
-0.18469963381112225
-0.18898041528240458
-0.19324769600570854
-0.1975012257292663
-0.20174075535788005
-0.20596603696986351
-0.21017682383376624
-0.21437287042487924
-0.21855393244151966
-0.22271976682109287
-0.22687013175593
-0.23100478670889948
-0.23512349242879124
-0.2392260109654715
-0.24331210568480746
-0.24738154128336048
-0.2514340838028464
-0.2554695006443622
-0.2594875605823782
-0.2634880337784946
-0.2674706917949619
-0.2714353076079646
-0.2753816556206674
-0.279309511676024
-0.2832186530693475
-0.2871088585606426
-0.2909799083866995
-0.2948315842729493
-0.2986636694450809
-0.30247594864041977
-0.30626820811906885
-0.31004023567481154
-0.3137918206457777
-0.3175227539248729
-0.32123282796997166
-0.3249218368138753
-0.3285895760740352
-0.3322358429620423
-0.33586043629288403
-0.33946315649396963
-0.34304380561392445
-0.3466021873311554
-0.350138106962188
-0.35365137146977704
-0.35714178947079156
-0.36060917124387637
-0.3640533287368912
-0.3674740755741297
-0.37087122706331904
-0.374244600202403
-0.3775940136861098
-0.38091928791230656
-0.3842202449881428
-0.3874967087359844
-0.39074850469914096
-0.3939754601473877
-0.39717740408228513
-0.40035416724229805
-0.4035055821077166
-0.4066314829053815
-0.4097317056132161
-0.4128060879645676
-0.4158544694523598
-0.4188766913330606
-0.42187259663046556
-0.4248420301393019
-0.42778483842865395
-0.43070086984521405
-0.4335899745163606
-0.4364520043530669
-0.43928681305264317
-0.4420942561013145
-0.44487419077663776
-0.4476264761497606
-0.4503509730875248
-0.4530475442544176
-0.4557160541143735
-0.45835636893242954
-0.4609683567762374
-0.46355188751743487
-0.46610683283288
-0.46863306620575074
-0.4711304629265131
-0.4735989000937613
-0.4760382566149323
-0.478448413206898
-0.4808292523964385
-0.48318065852059866
-0.4855025177269322
-0.48779471797363494
-0.4900571490295715
-0.4922897024741974
-0.4944922716973807
-0.496664751899125
-0.49880704008919774
-0.5009190350866661
-0.5030006375193443
-0.5050517498231539
-0.5070722762414016
-0.5090621228239766
-0.5110211974264697
-0.512949409709219
-0.5148466711362832
-0.5167128949743461
-0.5185479962915548
-0.5203518919562948
-0.5221245006359049
-0.5238657427953329
-0.5255755406957379
-0.5272538183930383
-0.5289005017364113
-0.5305155183667442
-0.5320987977150405
-0.5336502710007857
-0.5351698712302703
-0.5366575331948782
-0.5381131934693384
-0.5395367904099447
-0.5409282641527451
-0.5422875566117029
-0.5436146114768323
-0.5449093742123101
-0.5461717920545665
-0.5474018140103554
-0.5485993908548089
-0.5497644751294752
-0.5508970211403437
-0.5519969849558586
-0.5530643244049229
-0.554098999074895
-0.5551009703095784
-0.5560702012072078
-0.5570066566184326
-0.557910303144299
-0.5587811091342328
-0.5596190446840243
-0.5604240816338164
-0.5611961935660981
-0.5619353558037035
-0.562641545407819
-0.5633147411759988
-0.5639549236401905
-0.5645620750647714
-0.5651361794445975
-0.565677222503065
-0.5661851916901863
-0.5666600761806807
-0.567101866872081
-0.5675105563828565
-0.5678861390505539
-0.5682286109299549
-0.5685379697912543
-0.5688142151182549
-0.5690573481065846
-0.5692673716619312
-0.5694442903982991
-0.5695881106362867
-0.5696988404013836
-0.5697764894222912
-0.5698210691292623
-0.5698325926524643
-0.5698110748203625
-0.5697565321581256
-0.5696689828860523
-0.5695484469180195
-0.5693949458599517
-0.5692085030083104
-0.5689891433486055
-0.5687368935539256
-0.5684517819834889
-0.5681338386812128
-0.5677830953743032
-0.5673995854718608
-0.5669833440635064
-0.5665344079180218
-0.5660528154820079
-0.5655386068785575
-0.5649918239059428
-0.5644125100363169
-0.5638007104144273
-0.5631564718563419
-0.5624798428481853
-0.5617708735448842
-0.5610296157689219
-0.5602561230090997
-0.5594504504193041
-0.5586126548172791
-0.5577427946834014
-0.5568409301594578
-0.555907123047423
-0.5549414368082365
-0.5539439365605772
-0.5529146890796334
-0.5518537627958678
-0.5507612277937751
-0.5496371558106301
-0.5484816202352257
-0.5472946961065983
-0.5460764601127386
-0.5448269905892867
-0.5435463675182094
-0.5422346725264564
-0.5408919888845963
-0.5395184015054278
-0.5381139969425649
-0.5366788633889948
-0.5352130906756057
-0.5337167702696822
-0.5321899952733667
-0.5306328604220846
-0.5290454620829305
-0.5274278982530142
-0.5257802685577633
-0.5241026742491803
-0.522395218204053
-0.5206580049221139
-0.5188911405241485
-0.5170947327500485
-0.5152688909568077
-0.51341372611646
-0.5115293508139539
-0.5096158792449649
-0.5076734272136396
-0.5057021121302725
-0.5037020530089101
-0.5016733704648825
-0.4996161867122572
-0.49753062556121624
-0.4954168124153503
-0.4932748742688703
-0.49110493970373253
-0.4889071388866755
-0.4866816035661653
-0.4844284670692482
-0.4821478642983065
-0.4798399317277169
-0.4775048074004071
-0.47514263092431025
-0.47275354346871257
-0.47033768776049373
-0.4678952080802563
-0.4654262502583425
-0.46293096167073566
-0.460409491234844
-0.45786198940516437
-0.4552886081688242
-0.4526895010409983
-0.4500648230601991
-0.44741473078343785
-0.44473938228125437
-0.44203893713261355
-0.43931355641966596
-0.4365634027223707
-0.43378864011297846
-0.4309894341503725
-0.4281659518742658
-0.42531836179925203
-0.4224468339087085
-0.4195515396485497
-0.4166326519208282
-0.4136903450771831
-0.410724794912132
-0.4077361786562064
-0.4047246749689284
-0.4016904639316261
-0.3986337270400879
-0.3955546471970524
-0.3924534087045332
-0.3893301972559774
-0.3861851999282556
-0.383018605173483
-0.37983060281066927
-0.3766213840171969
-0.37339114132012646
-0.37014006858732723
-0.3668683610184332
-0.3635762151356221
-0.3602638287742181
-0.3569314010731156
-0.35357913246502476
-0.3502072246665372
-0.3468158806680116
-0.3434053047232784
-0.3399757023391631
-0.3365272802648276
-0.3330602464809298
-0.32957481018860013
-0.32607118179823563
-0.322549572918111
-0.3190101963428065
-0.31545326604145296
-0.3118789971457938
-0.3082876059380639
-0.3046793098386861
-0.30105432739378485
-0.29741287826251855
-0.29375518320422944
-0.290081464065413
-0.28639194376650656
-0.28268684628849794
-0.2789663966593554
-0.27523082094027895
-0.27148034621177436
-0.2677152005595508
-0.2639356130602431
-0.26014181376696005
-0.2563340336946592
-0.2525125048053505
-0.2486774599931293
-0.24482913306904072
-0.2409677587457764
-0.23709357262220568
-0.2332068111677429
-0.22930771170655204
-0.22539651240159125
-0.22147345223849868
-0.2175387710093218
-0.2135927092960923
-0.2096355084542485
-0.20566741059590773
-0.20168865857299093
-0.19769949596020156
-0.19370016703786164
-0.18969091677460703
-0.18567199080994484
-0.1816436354366754
-0.17760609758318144
-0.17355962479558767
-0.16950446521979293
-0.16544086758337825
-0.1613690811773938
-0.15728935583802744
-0.1532019419281583
-0.14910709031879812
-0.145005052370424
-0.14089607991420539
-0.13678042523312903
-0.13265834104302474
-0.1285300804734958
-0.1243958970487573
-0.12025604466838588
-0.11611077758798449
-0.11196035039976575
-0.10780501801305749
-0.10364503563473423
-0.09948065874957825
-0.095312143100574
-0.09113974466913978
-0.08696371965530027
-0.08278432445780394
-0.07860181565418924
-0.07441644998080332
-0.07022848431277742
-0.06603817564396272
-0.06184578106683078
-0.057651557752342444
-0.053455762929789326
-0.04925865386661191
-0.04506048784819824
-0.04086152215766736
-0.03666201405564156
-0.032462220760011415
-0.028262399425697877
-0.02406280712441536
-0.019863700824439993
-0.015665337370387146
-0.011467973463002237
-0.007271865638969011
-0.0030772702507393087
0.0011155565536115864
0.0053063588504999515
0.009494880960914942
0.013680867470462182
0.01786406324936561
0.02204421347242358
0.026221063638915236
0.03039435959245323
0.034563847540778805
0.03872927407549538
0.042890386191736754
0.04704693130776605
0.05119865728450165
0.0553453124449663
0.0594866455936556
0.06362240603582228
0.06775234359667252
0.07187620864047072
0.07599375208954907
0.08010472544321859
0.08420888079657778
0.08830597085921588
0.09239574897380702
0.09647796913459203
0.10055238600574465
0.10461875493961886
0.10867683199487418
0.1127263739544758
0.11676713834356643
0.12079888344720709
0.12482136832798348
0.12883435284347544
0.1328375976635866
0.13683086428773114
0.14081391506187554
0.14478651319543218
0.1487484227780025
0.15269940879596716
0.15663923714892092
0.1605676746659495
0.16448448912174676
0.16838944925256924
0.17228232477202673
0.17616288638670616
0.18003090581162712
0.18388615578552708
0.18772841008597452
0.1915574435443079
0.19537303206039927
0.19917495261724041
0.20296298329535042
0.20673690328700292
0.21049649291027167
0.21424153362289336
0.21797180803594607
0.22168709992734262
0.22538719425513737
0.22907187717064573
0.23274093603137536
0.23639415941376815
0.2400313371257524
0.24365226021910416
0.24725672100161766
0.2508445130490836
0.25441543121707555
0.2579692716525433
0.26150583180521364
0.2650249104387978
0.26852630764200525
0.2720098248393647
0.27547526480185075
0.2789224316573178
0.2823511309007402
0.28576116940425955
0.2891523554270387
0.29252449862492386
0.2958774100599137
0.2992109022094376
0.3025247889754419
0.3058188856932863
0.3090930091404499
0.31234697754504803
0.31558061059416087
0.31879372944197426
0.3219861567177341
0.32515771653351483
0.3283082344918031
0.3314375376928982
0.33454545474212977
0.33763181575689416
0.3406964523735109
0.34373919775390044
0.3467598865920842
0.34975835512050885
0.3527344411161962
0.35568798390671946
0.3586188243760086
0.36152680496998524
0.3644117697020294
0.36727356415827966
0.37011203550276844
0.37292703248239367
0.3757184054317294
0.3784860062776767
0.3812296885439568
0.3839493073554483
0.3866447194423706
0.3893157831443152
0.39196235841412697
0.3945843068216377
0.39718149155725335
0.39975377743539753
0.40230103089781327
0.404823120016725
0.4073199144978629
0.409791285683352
0.41223710655446777
0.41465725173426093
0.41705159749005327
0.41942002173580667
0.42176240403436793
0.4240786255995912
0.42636856929834066
0.4286321196523753
0.4308691628401185
0.43307958669831426
0.4352632807235727
0.4374201360738067
0.43955004556956273
0.44165290369524707
0.44372860660025054
0.4457770520999737
0.44779813967675497
0.4497917704807035
0.45175784733043967
0.45369627471374496
0.4556069587881238
0.45748980738127937
0.45934472999150583
0.4611716377879988
0.46297044361108697
0.4647410619723862
0.46648340905487906
0.46819740271292143
0.46988296247217853
0.47154000952949254
0.47316846675268365
0.47476825868028716
0.47633931152122805
0.47788155315443553
0.4793949131283995
0.4808793226606706
0.4823347146373065
0.4837610236122653
0.4851581858067494
0.4865261391085003
0.48786482307104717
0.4891741789129107
0.49045414951676375
0.4917046794285511
0.4929257148565699
0.49411720367051193
0.49527909540047055
0.4964113412359125
0.49751389402461765
0.498586708271587
0.4996297401379215
0.5006429474396722
0.5016262896466643
0.5025797278812955
0.5035032249173105
0.5043967451785535
0.5052602547376989
0.5060937213149623
0.5068971142767932
0.5076704046345492
0.508413565043155
0.509126569799746
0.5098093948422967
0.5104620177482372
0.511084417733057
0.511676575648898
0.5122384739831366
0.5127700968569568
0.513271430023915
0.5137424608684957
0.5141831784046623
0.5145935732743991
0.5149736377462493
0.5153233657138464
0.5156427526944426
0.5159317958274318
0.5161904938728692
0.5164188472099883
0.5166168578357142
0.5167845293631749
0.5169218670202101
0.5170288776478789
0.5171055696989636
0.5171519532364747
0.5171680399321517
0.5171538430649643
0.5171093775196113
0.5170346597850178
0.516929707952832
0.5167945417159188
0.5166291823668525
0.516433652796408
0.516207977492048
0.5159521825364096
0.5156662956057867
0.5153503459686095
0.5150043644839206
0.5146283835998469
0.5142224373520663
0.5137865613622702
0.5133207928366194
0.512825170564194
0.5122997349154362
0.5117445278405858
0.5111595928681061
0.5105449751031019
0.5099007212257266
0.5092268794895783
0.5085234997200848
0.507790633312875
0.507028333232137
0.5062366540089618
0.5054156517396703
0.5045653840841244
0.5036859102640198
0.5027772910611592
0.5018395888157063
0.5008728674244175
0.4998771923388509
0.498852630563552
0.4977992506542132
0.4967171227158075
0.49560631840069375
0.4944669109066927
0.4932989749751323
0.49210258688886077
0.4908778244702258
0.48962476707901914
0.4883434956103838
0.4870340924926836
0.48569664168533255
0.4843312286765832
0.48293794048127175
0.48151686563851875
0.4800680942093835
0.47859171777447057
0.4770878294314867
0.47555652379274654
0.47399789698262534
0.472412046634957
0.4707990718903757
0.46915907339359914
0.46749215329065225
0.4657984152260288
0.4640779643397896
0.4623309072645957
0.46055735212267407
0.4587574085227148
0.4569311875566973
0.45507880179664423
0.45320036529130087
0.4512959935627387
0.4493658036028807
0.44740991386994705
0.4454284442848191
0.4434215162273202
0.44138925253241096
0.4393317774862979
0.43724921682245294
0.43514169771754224
0.433009348787263
0.43085230008208575
0.4286706830829009
0.42646463069656737
0.4242342772513618
0.42197975849232694
0.41970121157651646
0.417398775068136
0.41507258893357707
0.41272279453634375
0.41034953463186935
0.4079529533622218
0.4055331962506968
0.40309041019629566
0.400624743468088
0.39813634569945666
0.3956253678822232
0.3930919623606535
0.3905362828253414
0.38795848430696844
0.38535872316993924
0.3827371571058908
0.38009394512707423
0.37742924755960766
0.37474322603659943
0.3720360434911396
0.3693078641491596
0.3665588535221577
0.36378917839979047
0.36099900684232766
0.35818850817297115
0.3553578529700355
0.3525072130589901
0.34963676150436135
0.3467466726014948
0.3438371218681754
0.34090828603610634
0.3379603430422444
0.33499347201999236
0.3320078532902467
0.32900366835230127
0.3259810998746053
0.3229403316853756
0.31988154876306324
0.3168049372266728
0.3137106843259357
0.3105989784313357
0.3074700090239877
0.3043239666853684
0.3011610430868999
0.2979814309793855
0.29478532418229775
0.29157291757291903
0.28834440707533465
0.28509998964927874
0.2818398632788329
0.2785642269609785
0.27527328069400187
0.2719672254657544
0.2686462632417663
0.26531059695321596
0.26196043048475437
0.25859596866218626
0.2552174172400079
0.2518249828888026
0.24841887318249498
0.24499929658546415
0.24156646243951788
0.23812058095072763
0.23466186317612625
0.23119052101026913
0.2277067671716601
0.22421081518904332
0.22070287938756236
0.21718317487478805
0.21365191752661616
0.2101093239730368
0.2065556115837767
0.20299099845381624
0.19941570338878273
0.19582994589022162
0.19223394614074749
0.18862792498907657
0.1850121039349428
0.18138670511389896
0.17775195128200535
0.17410806580040772
0.1704552726198066
0.16679379626482027
0.16312386181824318
0.15944569490520272
0.15575952167721588
0.15206556879614866
0.14836406341808026
0.14465523317707468
0.14093930616886222
0.13721651093443302
0.1334870764435457
0.1297512320781534
0.12600920761574966
0.12226123321263736
0.11850753938712295
0.11474835700263883
0.11098391725079673
0.10721445163437497
