1.5707963267948966
1.5707657065582308
1.5706738648971788
1.5705208303755898
1.570306631545478
1.5700312969487469
1.5696948551196006
1.5692973345876366
1.5688387638816228
1.5683191715339542
1.5677385860857902
1.5670970360928698
1.5663945501320036
1.5656311568082408
1.5648068847627115
1.5639217626811395
1.5629758193030288
1.561969083431518
1.5609015839439038
1.5597733498028308
1.5585844100681474
1.5573347939094249
1.5560245306191396
1.5546536496265149
1.5532221805120232
1.5517301530225447
1.5501775970871832
1.548564542833735
1.5468910206058109
1.545157060980609
1.5433626947873356
1.5415079531262745
1.5395928673884998
1.5376174692762323
1.535581790823838
1.5334858644194633
1.5313297228273084
1.5291133992105341
1.5268369271548017
1.5245003406924402
1.5221036743272425
1.5196469630598841
1.5171302424139645
1.514553548462666
1.5119169178560279
1.5092203878488342
1.5064639963291084
1.5036477818472163
1.5007717836455678
1.4978360416889203
1.4948405966952734
1.4917854901673568
1.488670764424703
1.4854964626363019
1.4822626288538332
1.4789693080454716
1.475616546130259
1.4722043900130406
1.4687328876199564
1.4652020879344865
1.461612041034041
1.4579627981270906
1.4542544115908307
1.4504869350093728
1.4466604232124567
1.4427749323146768
1.4388305197552136
1.4348272443380652
1.4307651662727698
1.426644347215611
1.4224648503112978
1.4182267402351112
1.4139300832355075
1.4095749471771697
1.4051614015844969
1.4006895176855225
1.396159368456251
1.3915710286654004
1.386924574919544
1.3822200857086355
1.3774576414519089
1.3726373245441397
1.3677592194022559
1.3628234125122851
1.357829992476626
1.352779050061629
1.3476706782454737
1.3425049722663276
1.337282029670773
1.332001950362485
1.3266648366511458
1.3212707933015813
1.3158199275831004
1.3103123493190223
1.3047481709363742
1.2991275075157425
1.2934504768412571
1.287717199450694
1.2819277986856725
1.2760824007419338
1.2701811347196748
1.2642241326739216
1.2582115296649201
1.252143463808522
1.246020076326547
1.2398415115970964
1.2336079172047987
1.2273194439909605
1.2209762461036044
1.2145784810473657
1.2081263097332262
1.201619896528061
1.1950594093039704
1.1884450194873766
1.1817769021078537
1.1750552358466695
1.1682802030850103
1.1614519899518623
1.1545707863715227
1.1476367861107122
1.1406501868252623
1.133611190106347
1.1265200015262324
1.1193768306835143
1.1121818912478139
1.1049354010039034
1.0976375818952324
1.0902886600668207
1.0828888659074938
1.0754384340914243
1.0679376036189532
1.0603866178566577
1.0527857245766343
1.0451351759949676
1.037435228809352
1.0296861442358356
1.0218881880446538
1.0140416305951225
1.006146746869558
0.9982038165061912
0.9902131238310471
0.9821749578887548
0.9740896124722584
0.9659573861513971
0.9577785823003212
0.9495535091237155
0.9412824796817971
0.9329658119140569
0.9246038286617145
0.916196857688856
0.9077452317022234
0.8992492883696286
0.890709370336958
0.8821258252437431
0.873499005737265
0.8648292694851668
0.8561169791865437
0.8473625025814859
0.8385662124590461
0.8297284866636047
0.8208497080996096
0.8119302647346625
0.8029705496009297
0.7939709607948526
0.7849319014751355
0.7758537798589878
0.7667370092166015
0.7575820078638399
0.7483891991531216
0.7391590114624788
0.7298918781827721
0.7205882377030476
0.7112485333940165
0.7018732135896458
0.6924627315668449
0.6830175455232352
0.6735381185529928
0.6640249186207517
0.65447841853356
0.6448990959108807
0.6352874331526301
0.6256439174052488
0.6159690405257998
0.6062632990440928
0.5965271941228315
0.5867612315157837
0.5769659215239769
0.5671417789499189
0.5572893230498511
0.547409077484036
0.5375015702650879
0.5275673337043546
0.517606904356359
0.507620822961312
0.49760963438570904
0.48757388756102515
0.47751413542052196
0.46743093483418546
0.4573248465418121
0.44719643508426304
0.43704626873290786
0.4268749194172808
0.41668296265097343
0.4064709774557898
0.39623954628419084
0.38598925494005665
0.37572069249779727
0.36543445121984236
0.35513112647254325
0.3448113166405213
0.334475623039498
0.32412464982764405
0.3137590039154846
0.30337929487440113
0.29298613484376995
0.2825801384367792
0.2721619226449677
0.2617321067415295
0.2512913121834297
0.24084016251237755
0.2303792832547047
0.2199093018201966
0.20943084739992684
0.19894455086314422
0.18845104465326415
0.17795096268301627
0.16744494022880094
0.15693361382430812
0.1464176211534531
0.1358976009426837
0.12537419285271414
0.11484803736974232
0.10431977569620594
0.0937900496411352
0.08325950151015876
0.07272877399522092
0.06219851006406754
0.05166935284955912
0.04114194553886886
0.030616931262624353
0.020094952984051104
0.009576653388176254
-0.000937325228849175
-0.01144634107025134
-0.021949752948899972
-0.032446920397282336
-0.042937203777127265
-0.053419964388622156
-0.06389456457916616
-0.07436036785160335
-0.08481673897187994
-0.09526304407607045
-0.10569865077671814
-0.1161229282684357
-0.12653524743271302
-0.1369349809418793
-0.14732150336216818
-0.15769419125583448
-0.16805242328227304
-0.17839558029809038
-0.18872304545608098
-0.19903420430306154
-0.20932844487651658
-0.21960515780001116
-0.2298637363773263
-0.24010357668527493
-0.2503240776651567
-0.2605246412128114
-0.27070467226723227
-0.2808635788977015
-0.2910007723894112
-0.3011156673275349
-0.3112076816797169
-0.3212762368769453
-0.3313207578927795
-0.34134067332090196
-0.35133541545096597
-0.36130442034271326
-0.3712471278983358
-0.38116298193305875
-0.3910514302439213
-0.4009119246767358
-0.4107439211912047
-0.4205468799241783
-0.4303202652510368
-0.44006354584518126
-0.4497761947356209
-0.4594576893626441
-0.4691075116315627
-0.47872514796452154
-0.48831008935036385
-0.49786183139254825
-0.5073798743551113
-0.5168637232066733
-0.5263128876624837
-0.5357268822245087
-0.5451052262195579
-0.5544474438354556
-0.5637530641552579
-0.5730216211895219
-0.5822526539066316
-0.5914457062611891
-0.6006003272204787
-0.6097160707890144
-0.6187924960311798
-0.6278291670919758
-0.6368256532158851
-0.6457815287638714
-0.6546963732285256
-0.6635697712473775
-0.6724013126143888
-0.6811905922896465
-0.689937210407275
-0.698640772281588
-0.7073008884115007
-0.7159171744832229
-0.7244892513712574
-0.7330167451377263
-0.7414992870300485
-0.7499365134769939
-0.7583280660831396
-0.7666735916217544
-0.7749727420261371
-0.7832251743794371
-0.7914305509029842
-0.7995885389431566
-0.8076988109568145
-0.8157610444953296
-0.8237749221872397
-0.8317401317195576
-0.8396563658177659
-0.8475233222245265
-0.8553407036771371
-0.8631082178837645
-0.8708255774984872
-0.8784925000951779
-0.8861087081402569
-0.89367392896435
-0.9011878947328812
-0.9086503424156316
-0.9160610137552988
-0.9234196552350863
-0.9307260180453559
-0.9379798580493757
-0.9451809357481934
-0.9523290162446699
-0.9594238692067019
-0.9664652688296664
-0.9734529937981198
-0.9803868272467794
-0.9872665567208229
-0.9940919741355327
-1.000862875735319
-1.0075790620521496
-1.0142403378634184
-1.0208465121492816
-1.0273973980494917
-1.033892812819759
-1.0403325777876686
-1.0467165183081828
-1.053044463718757
-1.0593162472940967
-1.065531706200584
-1.0716906814504013
-1.0777930178553772
-1.0838385639805845
-1.0898271720977137
-1.0957586981382488
-1.101633001646471
-1.1074499457323164
-1.113209397024109
-1.118911225621198
-1.1245553050465176
-1.130141512199099
-1.135669727306551
-1.1411398338775371
-1.1465517186542673
-1.1519052715650286
-1.1572003856767743
-1.1624369571477933
-1.167614885180479
-1.1727340719742183
-1.1777944226784198
-1.1827958453457006
-1.187738250885249
-1.1926215530163833
-1.1974456682223216
-1.2022105157041827
-1.2069160173352327
-1.211562097615394
-1.2161486836260347
-1.22067570498505
-1.2251430938022554
-1.2295507846351017
-1.2338987144447295
-1.238186822552376
-1.2424150505961467
-1.246583342488166
-1.2506916443721203
-1.2547399045812022
-1.258728073596473
-1.2626561040056503
-1.2665239504623351
-1.2703315696456872
-1.2740789202205602
-1.2777659627981068
-1.2813926598968621
-1.2849589759043165
-1.2884648770389868
-1.2919103313129925
-1.2952953084951486
-1.2986197800745802
-1.301883719224869
-1.305087100768737
-1.3082299011432774
-1.3113120983657367
-1.314333671999856
-1.3172946031227786
-1.3201948742925287
-1.3230344695160674
-1.3258133742179317
-1.3285315752094622
-1.3311890606586236
-1.3337858200604238
-1.3363218442079356
-1.3387971251639255
-1.341211656233094
-1.3435654319349315
-1.3458584479771918
-1.3480907012299899
-1.3502621897005245
-1.3523729125084298
-1.354422869861759
-1.3564120630336027
-1.358340494339345
-1.3602081671145574
-1.362015085693538
-1.3637612553884912
-1.3654466824693552
-1.3670713741442773
-1.3686353385407377
-1.370138584687325
-1.3715811224961632
-1.3729629627459925
-1.3742841170659046
-1.3755445979197332
-1.3767444185911009
-1.3778835931691231
-1.37896213653477
-1.379980064347885
-1.3809373930348636
-1.3818341397769898
-1.3826703224994312
-1.3834459598608941
-1.384161071243936
-1.3848156767459379
-1.3854097971707344
-1.3859434540209028
-1.386416669490709
-1.386829466459711
-1.387181868487019
-1.387473899806212
-1.3877055853209082
-1.387876950600991
-1.3879880218794882
-1.388038826050103
-1.388029390665397
-1.3879597439356228
-1.3878299147282054
-1.3876399325678717
-1.3873898276374261
-1.3870796307791706
-1.386709373496967
-1.3862790879589428
-1.3857888070008344
-1.3852385641299703
-1.3846283935298886
-1.3839583300655904
-1.3832284092894234
-1.3824386674475966
-1.381589141487323
-1.3806798690645865
-1.379710888552533
-1.3786822390504823
-1.3775939603935554
-1.3764460931629219
-1.3752386786966553
-1.3739717591012013
-1.3726453772634517
-1.3712595768634221
-1.369814402387531
-1.3683098991424756
-1.3667461132697027
-1.3651230917604693
-1.363440882471491
-1.3616995341411735
-1.3598990964064241
-1.3580396198200388
-1.3561211558686608
-1.3541437569913066
-1.3521074765984564
-1.3500123690917012
-1.3478584898839459
-1.345645895420161
-1.34337464319868
-1.341044791793034
-1.3386564008743236
-1.3362095312341187
-1.3337042448078815
-1.331140604698908
-1.3285186752027818
-1.3258385218323336
-1.3231002113431023
-1.320303811759287
-1.3174493924001887
-1.3145370239071321
-1.3115667782708593
-1.308538728859392
-1.305452950446351
-1.3023095192397294
-1.299108512911108
-1.295850010625307
-1.2925340930704665
-1.289160842488545
-1.2857303427062297
-1.2822426791662485
-1.2786979389590751
-1.2750962108550177
-1.2714375853366813
-1.2677221546317952
-1.2639500127463936
-1.260121255498341
-1.256235980551191
-1.2522942874483667
-1.2482962776476538
-1.2442420545559933
-1.2401317235645626
-1.235965392084133
-1.231743169580692
-1.2274651676113184
-1.2231314998602951
-1.218742282175449
-1.2142976326047041
-1.2097976714328333
-1.2052425212183966
-1.2006323068308495
-1.1959671554878095
-1.1912471967924636
-1.1864725627711037
-1.181643387910773
-1.1767598091970095
-1.1718219661516687
-1.1668300008708101
-1.1617840580626322
-1.1566842850854369
-1.151530831985608
-1.146323851535585
-1.1410634992718163
-1.135749933532672
-1.1303833154962983
-1.1249638092183967
-1.119491581669906
-1.1139668027745722
-1.1083896454463813
-1.1027602856268424
-1.0970789023220935
-1.0913456776398165
-1.0855607968259364
-1.079724448301086
-1.0738368236968152
-1.067898117891523
-1.0619085290460912
-1.055868258639198
-1.04977751150229
-1.0436364958541895
-1.0374454233353168
-1.0312045090415025
-1.0249139715573707
-1.0185740329892654
-1.012184918997702
-1.0057468588293177
-0.9992600853482999
-0.9927248350672663
-0.9861413481775759
-0.9795098685790464
-0.9728306439090539
-0.966103925570992
-0.9593299687620657
-0.9525090325003973
-0.9456413796514199
-0.938727276953534
-0.9317669950430046
-0.9247608084780747
-0.9177089957622704
-0.9106118393668754
-0.9034696257525503
-0.8962826453900731
-0.8890511927801783
-0.8817755664724704
-0.8744560690833889
-0.8670930073132028
-0.85968669196201
-0.8522374379447203
-0.8447455643049999
-0.8372113942281542
-0.8296352550529275
-0.8220174782821992
-0.8143583995925537
-0.8066583588427038
-0.7989177000807468
-0.7911367715502349
-0.7833159256950369
-0.7754555191629754
-0.7675559128082178
-0.759617471692405
-0.7516405650844986
-0.7436255664593293
-0.7355728534948305
-0.7274828080679401
-0.7193558162491549
-0.7111922682957232
-0.7029925586434604
-0.6947570858971742
-0.6864862528196862
-0.6781804663194375
-0.6698401374366669
-0.6614656813281501
-0.65305751725049
-0.6446160685419492
-0.6361417626028151
-0.6276350308742902
-0.6190963088159013
-0.6105260358814197
-0.6019246554932893
-0.5932926150155561
-0.5846303657252971
-0.5759383627825458
-0.5672170651987114
-0.5584669358034925
-0.5496884412102848
-0.5408820517800843
-0.5320482415838872
-0.5231874883635913
-0.5143002734914016
-0.5053870819277463
-0.4964484021777082
-0.4874847262459803
-0.4784965495903522
-0.4694843710737376
-0.4604486929147527
-0.4513900206368574
-0.44230886301607053
-0.43320573202727397
-0.4240811427891189
-0.4149356135075502
-0.4057696654179656
-0.39658382272602677
-0.38737861254714107
-0.37815456484463367
-0.3689122123666304
-0.3596520905816732
-0.35037473761309024
-0.341080694172145
-0.331770503489988
-0.3224447112484375
-0.3131038655096149
-0.30374851664446234
-0.29437921726017136
-0.28499652212655036
-0.2756009881013626
-0.266193174054664
-0.25677364079217346
-0.24734295097770773
-0.23790166905471385
-0.22845036116693385
-0.2189895950782356
-0.209519940091646
-0.20004196696762197
-0.1905562478415963
-0.1810633561408358
-0.17156386650064936
-0.1620583546799848
-0.15254739747645313
-0.14303157264082
-0.13351145879100434
-0.12398763532562418
-0.11446068233713096
-0.10493118052457301
-0.09539971110602986
-0.08586685573075911
-0.07633319639109765
-0.0667993153341596
-0.057265794973373293
-0.04773321779989961
-0.03820216629397451
-0.028673222836218093
-0.019146969618953222
-0.009623988557575978
-0.00010486120202081971
0.009409831351637183
0.018919508549400617
0.0284235904673463
0.03792149789935814
0.04741265244455452
0.05689647659436866
0.06637239381924089
0.07583982865488179
0.08529820678806596
0.09474695514191624
0.10418550196063875
0.11361327689366982
0.12302971107919596
0.13243423722700906
0.14182628970065925
0.15120530459886838
0.16057071983616839
0.16992197522272828
0.1792585125433357
0.1885797756354981
0.19788521046663093
0.2071742652102996
0.21644639032148366
0.2257010386108323
0.23493766531788082
0.24415572818319897
0.25335468751944246
0.2625340062812804
0.27169315013417217
0.28083158752196774
0.2899487897333068
0.2990442309667933
0.3081173883949223
0.31716774222673744
0.3261947757691983
0.33519797548723795
0.3441768310624917
0.3531308354506797
0.36205948493762624
0.3709622791939006
0.3798387213280645
0.38868831793851233
0.3975105791638924
0.4063050187320968
0.4150711540078102
0.42380850603860737
0.4325165995995917
0.4411949632365672
0.4498431293077372
0.45846063402392484
0.4670470174873113
0.4756018237286876
0.48412460074321834
0.49261490052471585
0.5010722790984243
0.5094962965523147
0.5178865170668911
0.5262425089435131
0.5345638446312342
0.542850100752164
0.5511008581253571
0.559315701789236
0.567494221022553
0.5756360093639022
0.5837406646297865
0.5918077889312504
0.5998369886890906
0.6078278746476515
0.6157800618872207
0.6236931698350341
0.6315668222749065
0.6394006473554981
0.6471942775972342
0.6549473498978917
0.6626595055368674
0.6703303901781458
0.6779596538719825
0.6855469510553204
0.6930919405509558
0.7005942855654745
0.7080536536859756
0.7154697168756018
0.7228421514678971
0.730170638160011
0.7374548620047706
0.7446945124016402
0.7518892830865909
0.7590388721209013
0.7661429818789105
0.7732013190347464
0.7802135945480511
0.787179523648726
0.7940988258207201
0.8009712247848835
0.8077964484809094
0.8145742290483894
0.8213043028070033
0.8279864102358685
0.8346202959520728
0.8412057086884127
0.8477424012703634
0.854230130592302
0.8606686575930096
0.8670577472304751
0.8733971684560251
0.8796866941878034
0.8859261012836243
0.8921151705132228
0.8982536865299265
0.9043414378417717
0.9103782167820872
0.9163638194795705
0.9222980458278779
0.9281806994547533
0.9340115876907171
0.939790521537339
0.9455173156351174
0.9511917882309874
0.9568137611454793
0.9623830597395517
0.9678995128811174
0.9733629529112878
0.9787732156103544
0.9841301401635292
0.9894335691264663
0.9946833483905831
0.9998793271482035
1.0050213578575418
1.0101092962075484
1.0151430010826366
1.020122334527308
1.0250471617106995
1.0299173508910664
1.034732773380223
1.0394933035079577
1.04419881858644
1.0488491988746387
1.0534443275427672
1.0579840906367721
1.0624683770428844
1.0668970784522471
1.0712700893256373
1.0755873068582955
1.0798486309448825
1.084053964144573
1.088203211646306
1.0922962812342032
1.0963330832531704
1.1003135305746974
1.104237538562867
1.1081050250405893
1.1119159102560714
1.115670116849538
1.119367569820214
1.1230081964935792
1.1265919264889117
1.1301186916871253
1.1335884261989175
1.1370010663332357
1.1403565505660735
1.1436548195096068
1.14689581588168
1.1500794844756526
1.153205772130614
1.1562746277019773
1.1592860020324611
1.1622398479234657
1.1651361201068546
1.1679747752171488
1.1707557717641406
1.1734790701059354
1.1761446324224298
1.17875242268923
1.181302406652022
1.1837945518013944
1.1862288273481274
1.1886052041989466
1.1909236549327527
1.1931841537773313
1.1953866765865475
1.1975312008180319
1.1996177055113613
1.2016461712667414
1.2036165802241938
1.2055289160432523
1.207383163883174
1.2091793103836683
1.210917343646146
1.2125972532154958
1.2142190300623883
1.2157826665661127
1.217288156497948
1.2187354950050735
1.2201246785950184
1.221455705120656
1.222728573765744
1.2239432850310112
1.2250998407207958
1.2261982439302348
1.2272384990330076
1.2282206116696353
1.229144588736335
1.2300104383744346
1.2308181699603447
1.2315677940960919
1.232259322600413
1.2328927685004103
1.2334681460237698
1.2339854705915418
1.2344447588114853
1.2348460284719736
1.2351892985364654
1.235474589138538
1.2357019215774827
1.2358713183144636
1.2359828029692377
1.2360364003174364
1.2360321362884081
1.2359700379636192
1.2358501335756147
1.235672452507536
1.235437025293195
1.235143883617702
1.234793060318648
1.2343845893878385
1.2339185059735756
1.2333948463834905
1.232813648087919
1.2321749497238235
1.2314787910992535
1.2307252131983482
1.2299142581868723
1.229045969418289
1.2281203914403604
1.2271375700022793
1.2260975520623236
1.2250003857960339
1.2238461206049083
1.2226348071256137
1.2213664972397076
1.220041244083868
1.2186591020606266
1.2172201268496028
1.2157243754192326
1.2141719060389888
1.2125627782920891
1.210897053088686
1.209174792679534
1.2073960606701304
1.205560922035324
1.2036694431343853
1.201721691726535
1.1997177369869243
1.1976576495230604
1.195541501391674
1.1933693661160194
1.1911413187036048
1.1888574356643427
1.186517795029117
1.184122476368759
1.1816715608134247
1.179165131072368
1.1766032714541024
1.173986067886941
1.1713136079399122
1.16858598084404
1.1658032775139806
1.1629655905700111
1.1600730143603564
1.1571256449838512
1.1541235803129253
1.1510669200169037
1.1479557655856145
1.144790220353292
1.141570389522769
1.138296380189946
1.1349683013685299
1.13158626401503
1.1281503810540014
1.1246607674035274
1.1211175400009277
1.117520817828683
1.1138707219405652
1.1101673754879595
1.1064109037463712
1.1026014341421007
1.0987390962790788
1.0948240219658487
1.0908563452426803
1.0868362024088085
1.082763732049779
1.0786390750648904
1.0744623746947208
1.0702337765487209
1.0659534286328654
1.0616214813773464
1.0572380876642937
1.0528034028555109
1.0483175848202093
1.0437807939627284
1.0391931932502256
1.034554948240323
