0.0
0.0035
0.007
0.0105
0.014
0.0175
0.021
0.0245
0.028
0.0315
0.035
0.0385
0.042
0.0455
0.049
0.0525
0.056
0.059500000000000004
0.063
0.0665
0.07
0.0735
0.077
0.0805
0.084
0.08750000000000001
0.091
0.0945
0.098
0.1015
0.105
0.1085
0.112
0.1155
0.11900000000000001
0.1225
0.126
0.1295
0.133
0.1365
0.14
0.14350000000000002
0.147
0.1505
0.154
0.1575
0.161
0.1645
0.168
0.1715
0.17500000000000002
0.1785
0.182
0.1855
0.189
0.1925
0.196
0.1995
0.203
0.20650000000000002
0.21
0.2135
0.217
0.2205
0.224
0.2275
0.231
0.23450000000000001
0.23800000000000002
0.2415
0.245
0.2485
0.252
0.2555
0.259
0.2625
0.266
0.2695
0.273
0.2765
0.28
0.28350000000000003
0.28700000000000003
0.2905
0.294
0.2975
0.301
0.3045
0.308
0.3115
0.315
0.3185
0.322
0.3255
0.329
0.3325
0.336
0.3395
0.343
0.34650000000000003
0.35000000000000003
0.3535
0.357
0.3605
0.364
0.3675
0.371
0.3745
0.378
0.3815
0.385
0.3885
0.392
0.3955
0.399
0.4025
0.406
0.40950000000000003
0.41300000000000003
0.4165
0.42
0.4235
0.427
0.4305
0.434
0.4375
0.441
0.4445
0.448
0.4515
0.455
0.4585
0.462
0.4655
0.46900000000000003
0.47250000000000003
0.47600000000000003
0.47950000000000004
0.483
0.4865
0.49
0.4935
0.497
0.5005000000000001
0.504
0.5075000000000001
0.511
0.5145
0.518
0.5215
0.525
0.5285
0.532
0.5355
0.539
0.5425
0.546
0.5495
0.553
0.5565
0.56
0.5635
0.5670000000000001
0.5705
0.5740000000000001
0.5775
0.581
0.5845
0.588
0.5915
0.595
0.5985
0.602
0.6055
0.609
0.6125
0.616
0.6195
0.623
0.6265000000000001
0.63
0.6335000000000001
0.637
0.6405
0.644
0.6475
0.651
0.6545
0.658
0.6615
0.665
0.6685
0.672
0.6755
0.679
0.6825
0.686
0.6895
0.6930000000000001
0.6965
0.7000000000000001
0.7035
0.707
0.7105
0.714
0.7175
0.721
0.7245
0.728
0.7315
0.735
0.7385
0.742
0.7455
0.749
0.7525000000000001
0.756
0.7595000000000001
0.763
0.7665000000000001
0.77
0.7735
0.777
0.7805
0.784
0.7875
0.791
0.7945
0.798
0.8015
0.805
0.8085
0.812
0.8155
0.8190000000000001
0.8225
0.8260000000000001
0.8295
0.833
0.8365
0.84
0.8435
0.847
0.8505
0.854
0.8575
0.861
0.8645
0.868
0.8715
0.875
0.8785000000000001
0.882
0.8855000000000001
0.889
0.8925000000000001
0.896
0.8995
0.903
0.9065
0.91
0.9135
0.917
0.9205
0.924
0.9275
0.931
0.9345
0.9380000000000001
0.9415
0.9450000000000001
0.9485
0.9520000000000001
0.9555
0.9590000000000001
0.9625
0.966
0.9695
0.973
0.9765
0.98
0.9835
0.987
0.9905
0.994
0.9975
1.0010000000000001
1.0045
1.008
1.0115
1.0150000000000001
1.0185
1.022
1.0255
1.029
1.0325
1.036
1.0395
1.043
1.0465
1.05
1.0535
1.057
1.0605
1.064
1.0675000000000001
1.071
1.0745
1.078
1.0815000000000001
1.085
1.0885
1.092
1.0955
1.099
1.1025
1.106
1.1095
1.113
1.1165
1.12
1.1235
1.127
1.1305
1.1340000000000001
1.1375
1.141
1.1445
1.1480000000000001
1.1515
1.155
1.1585
1.162
1.1655
1.169
1.1725
1.176
1.1795
1.183
1.1865
1.19
1.1935
1.197
1.2005000000000001
1.204
1.2075
1.211
1.2145000000000001
1.218
1.2215
1.225
1.2285
1.232
1.2355
1.239
1.2425
1.246
1.2495
1.2530000000000001
1.2565
1.26
1.2635
1.2670000000000001
1.2705
1.274
1.2775
1.281
1.2845
1.288
1.2915
1.295
1.2985
1.302
1.3055
1.309
1.3125
1.316
1.3195000000000001
1.323
1.3265
1.33
1.3335000000000001
1.337
1.3405
1.344
1.3475
1.351
1.3545
1.358
1.3615
1.365
1.3685
1.372
1.3755
1.379
1.3825
1.3860000000000001
1.3895
1.393
1.3965
1.4000000000000001
1.4035
1.407
1.4105
1.414
1.4175
1.421
1.4245
1.428
1.4315
1.435
1.4385000000000001
1.442
1.4455
1.449
1.4525000000000001
1.456
1.4595
1.463
1.4665000000000001
1.47
1.4735
1.477
1.4805
1.484
1.4875
1.491
1.4945
1.498
1.5015
1.5050000000000001
1.5085
1.512
1.5155
1.5190000000000001
1.5225
1.526
1.5295
1.5330000000000001
1.5365
1.54
1.5435
1.547
1.5505
1.554
1.5575
1.561
1.5645
1.568
1.5715000000000001
1.575
1.5785
1.582
1.5855000000000001
1.589
1.5925
1.596
1.5995000000000001
1.603
1.6065
1.61
1.6135
1.617
1.6205
1.624
1.6275
1.631
1.6345
1.6380000000000001
1.6415
1.645
1.6485
1.6520000000000001
1.6555
1.659
1.6625
1.666
1.6695
1.673
1.6765
1.68
1.6835
1.687
1.6905000000000001
1.694
1.6975
1.701
1.7045000000000001
1.708
1.7115
1.715
1.7185000000000001
1.722
1.7255
1.729
1.7325
1.736
1.7395
1.743
1.7465
1.75
1.7535
1.7570000000000001
1.7605
1.764
1.7675
1.7710000000000001
1.7745
1.778
1.7815
1.7850000000000001
1.7885
1.792
1.7955
1.799
1.8025
1.806
1.8095
1.813
1.8165
1.82
1.8235000000000001
1.827
1.8305
1.834
1.8375000000000001
1.841
1.8445
1.848
1.8515000000000001
1.855
1.8585
1.862
1.8655
1.869
1.8725
1.8760000000000001
1.8795
1.883
1.8865
1.8900000000000001
1.8935
1.897
1.9005
1.9040000000000001
1.9075
1.911
1.9145
1.9180000000000001
1.9215
1.925
1.9285
1.932
1.9355
1.939
1.9425000000000001
1.946
1.9495
1.953
1.9565000000000001
1.96
1.9635
1.967
1.9705000000000001
1.974
1.9775
1.981
1.9845
1.988
1.9915
1.995
1.9985
2.0020000000000002
2.0055
2.009
2.0125
2.016
2.0195
2.023
2.0265
2.0300000000000002
2.0335
2.037
2.0405
2.044
2.0475
2.051
2.0545
2.058
2.0615
2.065
2.0685000000000002
2.072
2.0755
2.079
2.0825
2.086
2.0895
2.093
2.0965000000000003
2.1
2.1035
2.107
2.1105
2.114
2.1175
2.121
2.1245
2.128
2.1315
2.1350000000000002
2.1385
2.142
2.1455
2.149
2.1525
2.156
2.1595
2.1630000000000003
2.1665
2.17
2.1735
2.177
2.1805
2.184
2.1875
2.191
2.1945
2.198
2.2015000000000002
2.205
2.2085
2.212
2.2155
2.219
2.2225
2.226
2.2295000000000003
2.233
2.2365
2.24
2.2435
2.247
2.2505
2.254
2.2575
2.261
2.2645
2.2680000000000002
2.2715
2.275
2.2785
2.282
2.2855
2.289
2.2925
2.2960000000000003
2.2995
2.303
2.3065
2.31
2.3135
2.317
2.3205
2.324
2.3275
2.331
2.3345000000000002
2.338
2.3415
2.345
2.3485
2.352
2.3555
2.359
2.3625000000000003
2.366
2.3695
2.373
2.3765
2.38
2.3835
2.387
2.3905
2.394
2.3975
2.4010000000000002
2.4045
2.408
2.4115
2.415
2.4185
2.422
2.4255
2.4290000000000003
2.4325
2.436
2.4395000000000002
2.443
2.4465
2.45
2.4535
2.457
2.4605
2.464
2.4675000000000002
2.471
2.4745
2.478
2.4815
2.485
2.4885
2.492
2.4955000000000003
2.499
2.5025
2.5060000000000002
2.5095
2.513
2.5165
2.52
2.5235
2.527
2.5305
2.5340000000000003
2.5375
2.541
2.5445
2.548
2.5515
2.555
2.5585
2.562
2.5655
2.569
2.5725000000000002
2.576
2.5795
2.583
2.5865
2.59
2.5935
2.597
2.6005000000000003
2.604
2.6075
2.611
2.6145
2.618
2.6215
2.625
2.6285
2.632
2.6355
2.6390000000000002
2.6425
2.646
2.6495
2.653
2.6565
2.66
2.6635
2.6670000000000003
2.6705
2.674
2.6775
2.681
2.6845
2.688
2.6915
2.695
2.6985
2.702
2.7055000000000002
2.709
2.7125
2.716
2.7195
2.723
2.7265
2.73
2.7335000000000003
2.737
2.7405
2.744
2.7475
2.751
2.7545
2.758
2.7615
2.765
2.7685
2.7720000000000002
2.7755
2.779
2.7825
2.786
2.7895
2.793
2.7965
2.8000000000000003
2.8035
2.807
2.8105
2.814
2.8175
2.821
2.8245
2.828
2.8315
2.835
2.8385000000000002
2.842
2.8455
2.849
2.8525
2.856
2.8595
2.863
2.8665000000000003
2.87
2.8735
2.8770000000000002
2.8805
2.884
2.8875
2.891
2.8945
2.898
2.9015
2.9050000000000002
2.9085
2.912
2.9155
2.919
2.9225
2.926
2.9295
2.9330000000000003
2.9365
2.94
2.9435000000000002
2.947
2.9505
2.954
2.9575
2.961
2.9645
2.968
2.9715000000000003
2.975
2.9785
2.982
2.9855
2.989
2.9925
2.996
2.9995000000000003
3.003
3.0065
3.0100000000000002
3.0135
3.017
3.0205
3.024
3.0275
3.031
3.0345
3.0380000000000003
3.0415
3.045
3.0485
3.052
3.0555
3.059
3.0625
3.0660000000000003
3.0695
3.073
3.0765000000000002
3.08
3.0835
3.087
3.0905
3.094
3.0975
3.101
3.1045000000000003
3.108
3.1115
3.115
3.1185
3.122
3.1255
3.129
3.1325000000000003
3.136
3.1395
3.1430000000000002
3.1465
3.15
3.1535
3.157
3.1605
3.164
3.1675
3.1710000000000003
3.1745
3.178
3.1815
3.185
3.1885
3.192
3.1955
3.1990000000000003
3.2025
3.206
3.2095000000000002
3.213
3.2165
3.22
3.2235
3.227
3.2305
3.234
3.2375000000000003
3.241
3.2445
3.248
3.2515
3.255
3.2585
3.262
3.2655
3.269
3.2725
3.2760000000000002
3.2795
3.283
3.2865
3.29
3.2935
3.297
3.3005
3.3040000000000003
3.3075
3.311
3.3145000000000002
3.318
3.3215
3.325
3.3285
3.332
3.3355
3.339
3.3425000000000002
3.346
3.3495
3.353
3.3565
3.36
3.3635
3.367
3.3705000000000003
3.374
3.3775
3.3810000000000002
3.3845
3.388
3.3915
3.395
3.3985
3.402
3.4055
3.4090000000000003
3.4125
3.416
3.4195
3.423
3.4265
3.43
3.4335
3.4370000000000003
3.4405
3.444
3.4475000000000002
3.451
3.4545
3.458
3.4615
3.465
3.4685
3.472
3.4755000000000003
3.479
3.4825
3.486
3.4895
3.493
3.4965
3.5
